%YAML:1.0
---
T: !!opencv-matrix
   rows: 4
   cols: 4
   dt: d
   data: [ 9.4826628247880329e-01, -2.2376910015211310e-01,
       2.2520756499492700e-01, -4.3788093393967031e-01,
       1.4237028053658757e-02, 7.3862781591898052e-01,
       6.7396309734506699e-01, -2.3778322798676474e-01,
       -3.1715668768927141e-01, -6.3589019442657735e-01,
       7.0360166009333702e-01, -6.9280686222614588e-02, 0., 0., 0., 1. ]