%YAML:1.0
---
T: !!opencv-matrix
   rows: 4
   cols: 4
   dt: d
   data: [0.9, 0.1, -0.2, 0.05,
          -0.1, 0.95, 0.1, 0.10,
           0.2, -0.05, 0.98, 0.20,
           0.0, 0.0, 0.0, 1.0]