%YAML:1.0
---
T: !!opencv-matrix
   rows: 4
   cols: 4
   dt: d
   data: [ 0.9966070285475879, -0.01237375072944384, 0.08137149957099843, -0.2246029862932469,
           -0.04895732435750139, 0.7056082739270844, 0.7069088655246836, -0.1287808597258634,
           -0.06616351744958707, -0.7084940748224549, 0.7026083794690838, 0.02137794598551374,
           0.0, 0.0, 0.0, 1.0 ]